Cycle Analysis outputs 
 
T01: 313.2
T02: 313.2
T03: 886.6639
T04: 1596.4575
T051: 1063.3063
T05m: 1055.0458
T052: 1055.0458
T06: 1055.0458
Te: 539.5024
Tef: 0
T07: 0
Tec: 0
P01: 37.8496
P02: 37.8496
P03: 1135.4883
P04: 1112.7785
P051: 187.5894
P05m: 188.1052
P052: 188.1052
P06: 188.1052
Pe: 11.6
Pef: 0
P07: 0
u_inf: 443.191
ue: 1071.4928
uef: 0
uec: 0
Specific Thrust: 0.64887
TSFC: 0.02959
wdot_f: 0
wdot_c: 601.2002
wdot_t: 601.2002
wdot_ft: 0.11123
wdot_p: 0.11123
eff_pr: 0.59067
eff_th: 0.58766
eff_o: 0.34711
f_max: 0.023507
fab_max: 0