Cycle Analysis outputs 
 
T01: 277
T02: 293.5058
T03: 830.9099
T04: 1447.1939
T051: 946.2236
T05m: 940.8179
T052: 898.5181
T06: 898.5181
Te: 898.5181
Tef: 0
T07: 497.3961
Tec: 390.416
P01: 82.9
P02: 99.48
P03: 2984.4
P04: 2924.712
P051: 454.6611
P05m: 455.3117
P052: 372.2089
P06: 372.2089
Pe: 372.2089
Pef: 0
P07: 214.4597
u_inf: 0
ue: 0
uef: 0
uec: 478.2277
Specific Thrust: 1.4426
TSFC: 0.011507
wdot_f: 50.0315
wdot_c: 563.3963
wdot_t: 563.3963
wdot_ft: 50.24
wdot_p: 0.20859
eff_pr: NaN
eff_th: NaN
eff_o: NaN
f_max: 0.025022
fab_max: 0